1 11 21 31 41 5 15 25 35 45
1 11 21 31 41 6 16 26 36 46
2 12 22 32 42 6 16 26 36 46
1 11 21 31 41 7 17 27 37 47
2 12 22 32 42 7 17 27 37 47
1 11 21 31 41 8 18 28 38 48
2 12 22 32 42 8 18 28 38 48
1 11 21 31 41 9 19 29 39 49
2 12 22 32 42 9 19 29 39 49
1 11 21 31 41 10 20 30 40 50
4 14 24 34 44 7 17 27 37 47
5 15 25 35 45 7 17 27 37 47
5 15 25 35 45 1 11 21 31 41
4 14 24 34 44 2 12 22 32 42
3 13 23 33 43 6 16 26 36 46
4 14 24 34 44 6 16 26 36 46
7 17 27 37 47 2 12 22 32 42
6 16 26 36 46 3 13 23 33 43
8 18 28 38 48 3 13 23 33 43
7 17 27 37 47 3 13 23 33 43
8 18 28 38 48 4 14 24 34 44
7 17 27 37 47 4 14 24 34 44
6 16 26 36 46 5 15 25 35 45
8 18 28 38 48 5 15 25 35 45
7 17 27 37 47 5 15 25 35 45
