9 19 29 39 49 2 12 22 32 42
10 20 30 40 50 8 18 28 38 48
8 18 28 38 48 9 19 29 39 49
10 20 30 40 50 9 19 29 39 49
9 19 29 39 49 9 19 29 39 49
8 18 28 38 48 10 20 30 40 50
9 19 29 39 49 10 20 30 40 50
10 20 30 40 50 10 20 30 40 50
1 11 21 31 41 1 11 21 31 41
2 12 22 32 42 1 11 21 31 41
3 13 23 33 43 1 11 21 31 41
1 11 21 31 41 2 12 22 32 42
3 13 23 33 43 2 12 22 32 42
2 12 22 32 42 2 12 22 32 42
1 11 21 31 41 3 13 23 33 43
2 12 22 32 42 3 13 23 33 43
3 13 23 33 43 3 13 23 33 43
1 11 21 31 41 4 14 24 34 44
3 13 23 33 43 4 14 24 34 44
2 12 22 32 42 4 14 24 34 44
10 20 30 40 50 2 12 22 32 42
10 20 30 40 50 3 13 23 33 43
9 19 29 39 49 3 13 23 33 43
10 20 30 40 50 4 14 24 34 44
9 19 29 39 49 4 14 24 34 44
