10 20 30 40 50 1 11 21 31 41 0
9 19 29 39 49 2 12 22 32 42 0
10 20 30 40 50 8 18 28 38 48 0
8 18 28 38 48 9 19 29 39 49 0
10 20 30 40 50 9 19 29 39 49 0
9 19 29 39 49 9 19 29 39 49 0
8 18 28 38 48 10 20 30 40 50 0
9 19 29 39 49 10 20 30 40 50 0
10 20 30 40 50 10 20 30 40 50 0
5 15 25 35 45 2 12 22 32 42 0
4 14 24 34 44 3 13 23 33 43 0
5 15 25 35 45 3 13 23 33 43 0
5 15 25 35 45 4 14 24 34 44 0
4 14 24 34 44 4 14 24 34 44 0
4 14 24 34 44 5 15 25 35 45 0
5 15 25 35 45 5 15 25 35 45 0
3 13 23 33 43 3 13 23 33 43 0
1 11 21 31 41 4 14 24 34 44 0
3 13 23 33 43 4 14 24 34 44 0
2 12 22 32 42 4 14 24 34 44 0
10 20 30 40 50 2 12 22 32 42 0
10 20 30 40 50 3 13 23 33 43 0
