7 17 27 37 47 6 16 26 36 46 0
7 17 27 37 47 7 17 27 37 47 0
2 12 22 32 42 10 20 30 40 50 0
6 16 26 36 46 8 18 28 38 48 0
7 17 27 37 47 8 18 28 38 48 0
6 16 26 36 46 9 19 29 39 49 0
7 17 27 37 47 9 19 29 39 49 0
6 16 26 36 46 10 20 30 40 50 0
7 17 27 37 47 10 20 30 40 50 0
9 19 29 39 49 1 11 21 31 41 0
10 20 30 40 50 1 11 21 31 41 0
9 19 29 39 49 2 12 22 32 42 0
10 20 30 40 50 8 18 28 38 48 0
8 18 28 38 48 9 19 29 39 49 0
10 20 30 40 50 9 19 29 39 49 0
9 19 29 39 49 9 19 29 39 49 0
8 18 28 38 48 10 20 30 40 50 0
9 19 29 39 49 10 20 30 40 50 0
10 20 30 40 50 10 20 30 40 50 0
1 11 21 31 41 1 11 21 31 41 0
2 12 22 32 42 1 11 21 31 41 0
3 13 23 33 43 1 11 21 31 41 0
