3 13 23 33 43 10 20 30 40 50 0
4 14 24 34 44 10 20 30 40 50 0
5 15 25 35 45 10 20 30 40 50 0
6 16 26 36 46 1 11 21 31 41 0
8 18 28 38 48 1 11 21 31 41 0
7 17 27 37 47 1 11 21 31 41 0
6 16 26 36 46 2 12 22 32 42 0
6 16 26 36 46 7 17 27 37 47 0
8 18 28 38 48 2 12 22 32 42 0
3 13 23 33 43 5 15 25 35 45 0
5 15 25 35 45 3 13 23 33 43 0
5 15 25 35 45 4 14 24 34 44 0
7 17 27 37 47 6 16 26 36 46 0
7 17 27 37 47 7 17 27 37 47 0
2 12 22 32 42 10 20 30 40 50 0
6 16 26 36 46 8 18 28 38 48 0
7 17 27 37 47 8 18 28 38 48 0
6 16 26 36 46 9 19 29 39 49 0
7 17 27 37 47 9 19 29 39 49 0
6 16 26 36 46 10 20 30 40 50 0
7 17 27 37 47 10 20 30 40 50 0
9 19 29 39 49 1 11 21 31 41 0
