1 11 21 31 41 2 12 22 32 42 0
3 13 23 33 43 2 12 22 32 42 0
2 12 22 32 42 2 12 22 32 42 0
1 11 21 31 41 3 13 23 33 43 0
2 12 22 32 42 3 13 23 33 43 0
3 13 23 33 43 3 13 23 33 43 0
1 11 21 31 41 4 14 24 34 44 0
3 13 23 33 43 4 14 24 34 44 0
2 12 22 32 42 4 14 24 34 44 0
10 20 30 40 50 2 12 22 32 42 0
10 20 30 40 50 3 13 23 33 43 0
9 19 29 39 49 3 13 23 33 43 0
10 20 30 40 50 4 14 24 34 44 0
9 19 29 39 49 4 14 24 34 44 0
10 20 30 40 50 5 15 25 35 45 0
9 19 29 39 49 5 15 25 35 45 0
10 20 30 40 50 6 16 26 36 46 0
8 18 28 38 48 6 16 26 36 46 0
9 19 29 39 49 6 16 26 36 46 0
10 20 30 40 50 7 17 27 37 47 0
6 16 26 36 46 4 14 24 34 44 0
9 19 29 39 49 7 17 27 37 47 0
