6 16 26 36 46 6 16 26 36 46
5 15 25 35 45 6 16 26 36 46
3 13 23 33 43 6 16 26 36 46
4 14 24 34 44 6 16 26 36 46
7 17 27 37 47 2 12 22 32 42
6 16 26 36 46 3 13 23 33 43
8 18 28 38 48 3 13 23 33 43
7 17 27 37 47 3 13 23 33 43
8 18 28 38 48 4 14 24 34 44
7 17 27 37 47 4 14 24 34 44
6 16 26 36 46 5 15 25 35 45
8 18 28 38 48 5 15 25 35 45
7 17 27 37 47 5 15 25 35 45
6 16 26 36 46 6 16 26 36 46
7 17 27 37 47 6 16 26 36 46
7 17 27 37 47 7 17 27 37 47
2 12 22 32 42 10 20 30 40 50
6 16 26 36 46 8 18 28 38 48
7 17 27 37 47 8 18 28 38 48
6 16 26 36 46 9 19 29 39 49
7 17 27 37 47 9 19 29 39 49
6 16 26 36 46 10 20 30 40 50
7 17 27 37 47 10 20 30 40 50
9 19 29 39 49 1 11 21 31 41
10 20 30 40 50 1 11 21 31 41
