1 11 21 31 41 1 11 21 31 41 0
2 12 22 32 42 1 11 21 31 41 0
3 13 23 33 43 1 11 21 31 41 0
1 11 21 31 41 2 12 22 32 42 0
3 13 23 33 43 2 12 22 32 42 0
9 19 29 39 49 8 18 28 38 48 0
2 12 22 32 42 5 15 25 35 45 0
4 14 24 34 44 1 11 21 31 41 0
3 13 23 33 43 7 17 27 37 47 0
8 18 28 38 48 7 17 27 37 47 0
4 14 24 34 44 8 18 28 38 48 0
5 15 25 35 45 8 18 28 38 48 0
8 18 28 38 48 2 12 22 32 42 0
3 13 23 33 43 5 15 25 35 45 0
1 11 21 31 41 5 15 25 35 45 0
1 11 21 31 41 6 16 26 36 46 0
2 12 22 32 42 2 12 22 32 42 0
1 11 21 31 41 3 13 23 33 43 0
2 12 22 32 42 3 13 23 33 43 0
4 14 24 34 44 7 17 27 37 47 0
5 15 25 35 45 7 17 27 37 47 0
5 15 25 35 45 1 11 21 31 41 0
