6 16 26 36 46 3 13 23 33 43 0
8 18 28 38 48 3 13 23 33 43 0
7 17 27 37 47 3 13 23 33 43 0
8 18 28 38 48 4 14 24 34 44 0
7 17 27 37 47 4 14 24 34 44 0
6 16 26 36 46 5 15 25 35 45 0
8 18 28 38 48 5 15 25 35 45 0
7 17 27 37 47 5 15 25 35 45 0
6 16 26 36 46 6 16 26 36 46 0
5 15 25 35 45 6 16 26 36 46 0
3 13 23 33 43 6 16 26 36 46 0
4 14 24 34 44 6 16 26 36 46 0
7 17 27 37 47 2 12 22 32 42 0
6 16 26 36 46 3 13 23 33 43 0
8 18 28 38 48 3 13 23 33 43 0
7 17 27 37 47 3 13 23 33 43 0
8 18 28 38 48 4 14 24 34 44 0
7 17 27 37 47 4 14 24 34 44 0
6 16 26 36 46 5 15 25 35 45 0
8 18 28 38 48 5 15 25 35 45 0
7 17 27 37 47 5 15 25 35 45 0
6 16 26 36 46 6 16 26 36 46 0
