10 20 30 40 50 5 15 25 35 45
9 19 29 39 49 5 15 25 35 45
10 20 30 40 50 6 16 26 36 46
8 18 28 38 48 6 16 26 36 46
9 19 29 39 49 6 16 26 36 46
10 20 30 40 50 7 17 27 37 47
6 16 26 36 46 4 14 24 34 44
9 19 29 39 49 7 17 27 37 47
8 18 28 38 48 8 18 28 38 48
3 13 23 33 43 8 18 28 38 48
3 13 23 33 43 9 19 29 39 49
5 15 25 35 45 9 19 29 39 49
4 14 24 34 44 9 19 29 39 49
3 13 23 33 43 10 20 30 40 50
4 14 24 34 44 10 20 30 40 50
5 15 25 35 45 10 20 30 40 50
6 16 26 36 46 1 11 21 31 41
8 18 28 38 48 1 11 21 31 41
7 17 27 37 47 1 11 21 31 41
6 16 26 36 46 2 12 22 32 42
6 16 26 36 46 7 17 27 37 47
9 19 29 39 49 8 18 28 38 48
2 12 22 32 42 5 15 25 35 45
4 14 24 34 44 1 11 21 31 41
3 13 23 33 43 7 17 27 37 47
