5 15 25 35 45 7 17 27 37 47 0
5 15 25 35 45 1 11 21 31 41 0
4 14 24 34 44 2 12 22 32 42 0
5 15 25 35 45 2 12 22 32 42 0
4 14 24 34 44 3 13 23 33 43 0
1 11 21 31 41 5 15 25 35 45 0
1 11 21 31 41 6 16 26 36 46 0
2 12 22 32 42 6 16 26 36 46 0
1 11 21 31 41 7 17 27 37 47 0
2 12 22 32 42 7 17 27 37 47 0
1 11 21 31 41 8 18 28 38 48 0
2 12 22 32 42 8 18 28 38 48 0
1 11 21 31 41 9 19 29 39 49 0
2 12 22 32 42 9 19 29 39 49 0
1 11 21 31 41 10 20 30 40 50 0
4 14 24 34 44 7 17 27 37 47 0
5 15 25 35 45 7 17 27 37 47 0
5 15 25 35 45 1 11 21 31 41 0
4 14 24 34 44 2 12 22 32 42 0
3 13 23 33 43 6 16 26 36 46 0
4 14 24 34 44 6 16 26 36 46 0
7 17 27 37 47 2 12 22 32 42 0
