3 13 23 33 43 8 18 28 38 48
4 14 24 34 44 9 19 29 39 49
2 12 22 32 42 3 13 23 33 43
6 16 26 36 46 4 14 24 34 44
5 15 25 35 45 8 18 28 38 48
9 19 29 39 49 4 14 24 34 44
6 16 26 36 46 8 18 28 38 48
9 19 29 39 49 9 19 29 39 49
5 15 25 35 45 4 14 24 34 44
3 13 23 33 43 7 17 27 37 47
1 11 21 31 41 6 16 26 36 46
6 16 26 36 46 5 15 25 35 45
6 16 26 36 46 2 12 22 32 42
9 19 29 39 49 5 15 25 35 45
6 16 26 36 46 1 11 21 31 41
4 14 24 34 44 10 20 30 40 50
10 20 30 40 50 4 14 24 34 44
4 14 24 34 44 5 15 25 35 45
3 13 23 33 43 5 15 25 35 45
3 13 23 33 43 3 13 23 33 43
4 14 24 34 44 7 17 27 37 47
2 12 22 32 42 7 17 27 37 47
7 17 27 37 47 3 13 23 33 43
7 17 27 37 47 6 16 26 36 46
4 14 24 34 44 8 18 28 38 48
