8 18 28 38 48 6 16 26 36 46
1 11 21 31 41 5 15 25 35 45
1 11 21 31 41 3 13 23 33 43
9 19 29 39 49 10 20 30 40 50
8 18 28 38 48 5 15 25 35 45
5 15 25 35 45 5 15 25 35 45
2 12 22 32 42 4 14 24 34 44
2 12 22 32 42 6 16 26 36 46
2 12 22 32 42 8 18 28 38 48
4 14 24 34 44 1 11 21 31 41
1 11 21 31 41 9 19 29 39 49
7 17 27 37 47 5 15 25 35 45
3 13 23 33 43 1 11 21 31 41
9 19 29 39 49 6 16 26 36 46
8 18 28 38 48 8 18 28 38 48
10 20 30 40 50 10 20 30 40 50
8 18 28 38 48 2 12 22 32 42
2 12 22 32 42 5 15 25 35 45
9 19 29 39 49 3 13 23 33 43
1 11 21 31 41 7 17 27 37 47
7 17 27 37 47 9 19 29 39 49
8 18 28 38 48 7 17 27 37 47
3 13 23 33 43 2 12 22 32 42
5 15 25 35 45 7 17 27 37 47
10 20 30 40 50 2 12 22 32 42
