10 20 30 40 50 6 16 26 36 46
10 20 30 40 50 3 13 23 33 43
8 18 28 38 48 4 14 24 34 44
2 12 22 32 42 2 12 22 32 42
10 20 30 40 50 1 11 21 31 41
5 15 25 35 45 1 11 21 31 41
4 14 24 34 44 4 14 24 34 44
9 19 29 39 49 8 18 28 38 48
4 14 24 34 44 2 12 22 32 42
7 17 27 37 47 7 17 27 37 47
8 18 28 38 48 3 13 23 33 43
1 11 21 31 41 4 14 24 34 44
6 16 26 36 46 10 20 30 40 50
4 14 24 34 44 3 13 23 33 43
10 20 30 40 50 5 15 25 35 45
8 18 28 38 48 9 19 29 39 49
6 16 26 36 46 9 19 29 39 49
9 19 29 39 49 2 12 22 32 42
6 16 26 36 46 6 16 26 36 46
3 13 23 33 43 9 19 29 39 49
6 16 26 36 46 3 13 23 33 43
7 17 27 37 47 8 18 28 38 48
4 14 24 34 44 6 16 26 36 46
2 12 22 32 42 10 20 30 40 50
7 17 27 37 47 1 11 21 31 41
