7 17 27 37 47 2 12 22 32 42
1 11 21 31 41 8 18 28 38 48
5 15 25 35 45 9 19 29 39 49
7 17 27 37 47 10 20 30 40 50
5 15 25 35 45 10 20 30 40 50
10 20 30 40 50 9 19 29 39 49
8 18 28 38 48 1 11 21 31 41
5 15 25 35 45 6 16 26 36 46
8 18 28 38 48 10 20 30 40 50
3 13 23 33 43 10 20 30 40 50
2 12 22 32 42 1 11 21 31 41
1 11 21 31 41 1 11 21 31 41
3 13 23 33 43 4 14 24 34 44
6 16 26 36 46 7 17 27 37 47
3 13 23 33 43 6 16 26 36 46
10 20 30 40 50 7 17 27 37 47
1 11 21 31 41 2 12 22 32 42
9 19 29 39 49 1 11 21 31 41
7 17 27 37 47 4 14 24 34 44
1 11 21 31 41 10 20 30 40 50
5 15 25 35 45 3 13 23 33 43
2 12 22 32 42 9 19 29 39 49
9 19 29 39 49 7 17 27 37 47
10 20 30 40 50 8 18 28 38 48
5 15 25 35 45 2 12 22 32 42
