234 167 240 381 14 186 320 170 401 39
380 21 213 394 238 264 232 51 227 326
110 291 138 344 136 313 21 211 286 362
329 72 145 35 224 192 376 336 389 355
225 176 28 155 222 24 170 67 134 254
394 7 258 332 283 292 112 168 359 18
151 250 25 168 141 367 343 148 147 328
142 259 10 273 304 305 37 153 28 270
77 324 113 3 94 22 254 338 87 60
161 240 201 321 348 274 355 131 313 352
46 355 243 58 374 230 93 377 375 43
315 86 180 264 213 235 374 59 181 54
37 364 11 246 207 52 73 372 275 283
8 393 135 220 364 80 138 145 267 213
167 234 106 279 253 19 28 85 5 282
292 109 66 220 232 171 306 271 186 25
84 317 386 110 107 142 251 396 48 124
133 268 325 220 312 174 182 9 220 34
150 251 76 21 341 325 398 399 133 222
47 354 208 203 401 236 349 204 182 175
118 283 6 384 248 172 96 347 212 310
339 62 243 64 175 175 279 33 46 324
256 145 342 156 142 33 111 389 151 237
11 390 371 320 198 115 397 393 64 162
191 210 113 37 341 269 19 84 309 24
