146 255 127 97 267 237 35 148 65 210
106 295 317 130 154 318 50 96 225 187
358 43 190 106 334 113 397 132 222 224
139 262 366 270 214 198 281 390 313 37
296 105 23 75 176 334 372 186 393 377
223 178 213 321 38 237 66 264 347 270
258 143 29 364 27 37 191 39 144 7
399 2 90 114 284 148 238 87 60 250
372 29 358 1 198 341 254 142 197 20
120 281 5 293 257 384 31 96 330 13
52 349 148 180 203 291 125 11 368 392
240 161 246 61 158 20 237 255 341 68
129 272 254 272 369 379 129 225 70 131
326 75 61 156 333 193 179 88 334 19
248 153 13 246 109 219 133 398 91 207
285 116 314 43 282 374 149 251 41 374
254 147 305 3 81 258 78 110 123 265
81 320 312 211 342 168 388 170 107 203
71 330 349 58 401 130 33 59 183 160
314 87 78 120 125 104 214 238 194 319
343 58 77 304 98 76 95 259 54 373
65 336 267 35 158 111 186 99 290 388
366 35 341 214 164 361 211 308 54 167
63 338 81 119 366 357 234 33 343 233
39 362 301 17 280 246 31 8 186 230
