193 208 244 107 65 107 379 142 198 223
306 95 168 225 71 118 65 152 89 389
275 126 325 49 160 375 243 122 75 330
218 183 28 11 181 45 344 329 19 231
45 356 343 266 376 95 318 305 257 180
181 220 130 341 83 375 400 30 295 27
97 304 116 94 164 356 173 401 101 104
121 280 90 127 303 105 242 172 226 160
299 102 132 204 43 78 128 122 179 10
294 107 331 257 353 327 47 34 137 384
108 293 397 395 6 229 284 124 88 329
64 337 263 390 36 252 40 88 11 122
126 275 376 388 180 200 7 288 126 286
370 31 306 117 243 134 76 265 44 377
111 290 228 64 298 227 179 68 144 396
13 388 89 111 166 256 230 94 401 226
40 361 191 217 308 331 288 168 1 243
123 278 384 118 334 23 38 164 374 15
78 323 142 108 387 183 230 223 92 357
112 289 157 51 128 16 218 267 129 310
160 241 73 250 398 338 254 302 370 339
201 200 68 54 348 106 204 73 312 357
33 368 359 3 37 112 212 244 390 237
54 347 68 122 284 345 88 82 335 304
203 198 144 376 259 217 231 156 67 242
