87 314 256 244 400 139 31 343 190 301
267 134 63 12 353 121 15 359 9 175
135 266 182 222 86 86 231 364 182 8
96 305 26 22 114 183 360 291 102 171
180 221 242 398 48 164 328 18 234 80
184 217 98 63 23 92 370 112 325 149
261 140 40 178 363 270 190 188 330 371
324 77 215 298 305 197 224 329 126 379
43 358 298 65 146 47 188 140 202 193
263 138 108 123 139 166 120 277 146 357
132 269 198 22 368 149 193 302 230 138
22 379 319 219 189 337 336 228 224 118
303 98 168 315 67 109 5 320 344 28
75 326 91 128 181 344 151 300 342 363
291 110 375 188 152 56 73 207 246 183
192 209 332 79 372 132 364 103 171 30
251 150 63 250 168 373 218 72 70 156
281 120 199 384 111 254 399 188 273 401
383 18 346 212 391 295 219 304 81 4
166 235 48 158 151 391 345 301 88 93
273 128 9 274 391 247 136 369 302 23
341 60 257 123 167 121 229 145 122 283
105 296 137 32 72 271 293 238 291 300
334 67 55 337 185 335 178 92 376 237
200 201 381 95 249 223 32 158 266 175
