92 309 371 246 199 29 149 14 312 2
109 292 264 178 307 220 44 150 88 49
23 378 160 360 139 4 132 76 231 193
3 398 55 138 288 234 308 23 58 55
365 36 95 83 283 30 140 201 260 308
164 237 194 115 234 263 7 308 320 1
308 93 193 36 283 325 129 369 172 86
330 71 209 273 63 46 257 285 168 111
255 146 242 142 50 103 308 115 87 309
206 195 378 351 379 110 178 70 215 129
346 55 76 341 69 345 126 298 193 27
283 118 389 49 246 141 80 266 162 282
328 73 198 212 130 369 335 375 95 264
188 213 55 260 363 339 228 274 82 281
386 15 126 256 93 77 175 73 57 258
60 341 306 382 169 350 290 212 47 343
156 245 246 200 237 250 348 331 121 316
198 203 321 95 228 323 190 241 168 17
305 96 233 168 125 400 244 102 187 125
357 44 108 311 17 72 269 205 250 163
80 321 400 150 199 79 138 26 86 1
245 156 71 90 281 169 281 39 288 221
155 246 46 374 201 200 135 270 53 152
377 24 84 388 390 324 64 304 96 248
260 141 43 44 347 275 33 350 123 20
