102 299 51 345 128 72 197 220 228 114
289 112 138 309 175 24 303 18 245 279
144 257 273 78 164 25 101 56 64 310
332 69 171 22 91 323 284 298 354 48
30 371 194 123 105 214 337 206 338 30
239 162 271 138 102 27 88 129 387 387
378 23 333 128 378 211 86 131 174 291
28 373 266 156 167 180 123 43 134 295
210 191 21 205 240 320 246 81 17 208
117 284 171 71 31 320 397 398 13 390
56 345 337 331 350 60 168 180 131 66
354 47 174 351 31 360 5 205 376 15
246 155 111 310 141 112 331 373 29 340
282 119 311 399 27 214 79 85 388 13
307 94 336 252 255 2 250 234 380 352
360 41 47 365 53 40 171 367 178 324
98 303 344 61 234 358 74 90 169 332
216 185 36 203 188 289 200 333 8 334
175 226 99 357 401 9 285 332 36 334
88 313 116 272 50 170 301 45 58 171
196 205 241 231 384 337 293 309 282 163
124 277 238 171 120 113 238 12 371 58
29 372 240 388 84 134 390 254 384 115
72 329 50 45 228 179 320 252 300 391
331 70 295 102 41 142 277 309 176 137
