182 219 62 291 84 354 225 304 328 301
24 377 264 312 123 384 106 373 181 332
101 300 124 62 261 283 191 338 95 62
295 106 374 185 176 392 30 64 122 209
226 175 305 237 33 132 279 31 41 53
387 14 120 3 206 264 27 304 107 324
221 180 321 394 2 251 91 134 179 315
154 247 399 95 336 29 23 23 111 7
57 344 282 321 140 72 255 198 20 219
353 48 113 231 38 43 261 170 258 154
280 121 382 73 303 370 285 303 315 18
227 174 47 187 120 181 316 290 62 225
276 125 272 112 228 362 98 144 367 325
337 64 9 306 97 396 207 125 178 214
73 328 27 205 5 329 400 161 140 145
172 229 94 248 160 153 101 132 94 326
212 189 78 241 246 252 301 34 353 108
163 238 40 161 38 158 384 113 333 155
298 103 140 40 326 100 315 38 344 401
148 253 361 324 194 379 9 288 197 396
83 318 316 178 197 200 355 206 250 306
270 131 168 18 59 280 76 10 160 363
352 49 277 75 177 141 242 168 19 347
363 38 59 397 386 396 133 299 52 136
16 385 159 359 377 225 139 47 311 86
