252 149 227 200 250 381 137 334 192 167
214 187 44 282 366 81 79 13 97 401
99 302 169 377 324 153 233 154 35 88
397 4 344 241 49 231 51 178 241 252
351 50 399 93 208 130 172 284 321 334
143 258 121 207 72 131 74 212 319 3
25 376 274 295 33 281 38 168 370 67
396 5 238 300 141 79 369 270 161 36
395 6 297 157 236 138 123 189 82 332
361 40 239 110 229 3 234 121 288 219
55 346 158 36 140 226 127 34 176 390
76 325 288 70 377 143 187 71 318 352
53 348 254 63 174 152 276 287 141 264
238 163 236 356 55 400 95 24 24 344
10 391 135 357 325 82 178 44 396 332
122 279 8 109 333 385 101 123 292 230
272 129 214 192 32 72 172 202 137 238
319 82 345 378 249 77 261 141 65 105
244 157 296 179 55 332 152 208 137 20
229 172 296 369 77 133 150 49 298 332
257 144 57 127 348 53 196 44 261 38
67 334 341 49 317 76 124 58 248 20
290 111 138 315 97 388 320 136 216 373
147 254 61 394 136 104 10 187 203 15
92 309 371 246 199 29 149 14 312 2
