99 302 169 377 324 153 233 154 35 88
101 300 124 62 261 283 191 338 95 62
102 299 51 345 128 72 197 220 228 114
106 295 317 130 154 318 50 96 225 187
117 284 171 71 31 320 397 398 13 390
120 281 5 293 257 384 31 96 330 13
122 279 8 109 333 385 101 123 292 230
124 277 238 171 120 113 238 12 371 58
129 272 254 272 369 379 129 225 70 131
139 262 366 270 214 198 281 390 313 37
143 258 121 207 72 131 74 212 319 3
144 257 273 78 164 25 101 56 64 310
146 255 127 97 267 237 35 148 65 210
147 254 61 394 136 104 10 187 203 15
148 253 361 324 194 379 9 288 197 396
154 247 399 95 336 29 23 23 111 7
163 238 40 161 38 158 384 113 333 155
172 229 94 248 160 153 101 132 94 326
175 226 99 357 401 9 285 332 36 334
182 219 62 291 84 354 225 304 328 301
196 205 241 231 384 337 293 309 282 163
210 191 21 205 240 320 246 81 17 208
212 189 78 241 246 252 301 34 353 108
214 187 44 282 366 81 79 13 97 401
216 185 36 203 188 289 200 333 8 334
