221 180 321 394 2 251 91 134 179 315
223 178 213 321 38 237 66 264 347 270
226 175 305 237 33 132 279 31 41 53
227 174 47 187 120 181 316 290 62 225
229 172 296 369 77 133 150 49 298 332
238 163 236 356 55 400 95 24 24 344
239 162 271 138 102 27 88 129 387 387
240 161 246 61 158 20 237 255 341 68
244 157 296 179 55 332 152 208 137 20
246 155 111 310 141 112 331 373 29 340
248 153 13 246 109 219 133 398 91 207
252 149 227 200 250 381 137 334 192 167
254 147 305 3 81 258 78 110 123 265
257 144 57 127 348 53 196 44 261 38
258 143 29 364 27 37 191 39 144 7
270 131 168 18 59 280 76 10 160 363
272 129 214 192 32 72 172 202 137 238
276 125 272 112 228 362 98 144 367 325
280 121 382 73 303 370 285 303 315 18
282 119 311 399 27 214 79 85 388 13
285 116 314 43 282 374 149 251 41 374
289 112 138 309 175 24 303 18 245 279
290 111 138 315 97 388 320 136 216 373
295 106 374 185 176 392 30 64 122 209
296 105 23 75 176 334 372 186 393 377
