3 398 55 138 288 234 308 23 58 55
8 393 135 220 364 80 138 145 267 213
11 390 371 320 198 115 397 393 64 162
13 388 89 111 166 256 230 94 401 226
22 379 319 219 189 337 336 228 224 118
23 378 160 360 139 4 132 76 231 193
33 368 359 3 37 112 212 244 390 237
37 364 11 246 207 52 73 372 275 283
40 361 191 217 308 331 288 168 1 243
43 358 298 65 146 47 188 140 202 193
45 356 343 266 376 95 318 305 257 180
46 355 243 58 374 230 93 377 375 43
47 354 208 203 401 236 349 204 182 175
54 347 68 122 284 345 88 82 335 304
60 341 306 382 169 350 290 212 47 343
64 337 263 390 36 252 40 88 11 122
75 326 91 128 181 344 151 300 342 363
77 324 113 3 94 22 254 338 87 60
78 323 142 108 387 183 230 223 92 357
80 321 400 150 199 79 138 26 86 1
84 317 386 110 107 142 251 396 48 124
87 314 256 244 400 139 31 343 190 301
96 305 26 22 114 183 360 291 102 171
97 304 116 94 164 356 173 401 101 104
105 296 137 32 72 271 293 238 291 300
