10 391 135 357 325 82 178 44 396 332
16 385 159 359 377 225 139 47 311 86
24 377 264 312 123 384 106 373 181 332
25 376 274 295 33 281 38 168 370 67
28 373 266 156 167 180 123 43 134 295
29 372 240 388 84 134 390 254 384 115
30 371 194 123 105 214 337 206 338 30
39 362 301 17 280 246 31 8 186 230
52 349 148 180 203 291 125 11 368 392
53 348 254 63 174 152 276 287 141 264
55 346 158 36 140 226 127 34 176 390
56 345 337 331 350 60 168 180 131 66
57 344 282 321 140 72 255 198 20 219
63 338 81 119 366 357 234 33 343 233
65 336 267 35 158 111 186 99 290 388
67 334 341 49 317 76 124 58 248 20
71 330 349 58 401 130 33 59 183 160
72 329 50 45 228 179 320 252 300 391
73 328 27 205 5 329 400 161 140 145
76 325 288 70 377 143 187 71 318 352
81 320 312 211 342 168 388 170 107 203
83 318 316 178 197 200 355 206 250 306
88 313 116 272 50 170 301 45 58 171
92 309 371 246 199 29 149 14 312 2
98 303 344 61 234 358 74 90 169 332
