181 220 130 341 83 375 400 30 295 27
184 217 98 63 23 92 370 112 325 149
188 213 55 260 363 339 228 274 82 281
191 210 113 37 341 269 19 84 309 24
192 209 332 79 372 132 364 103 171 30
193 208 244 107 65 107 379 142 198 223
198 203 321 95 228 323 190 241 168 17
200 201 381 95 249 223 32 158 266 175
201 200 68 54 348 106 204 73 312 357
206 195 378 351 379 110 178 70 215 129
218 183 28 11 181 45 344 329 19 231
225 176 28 155 222 24 170 67 134 254
234 167 240 381 14 186 320 170 401 39
245 156 71 90 281 169 281 39 288 221
251 150 63 250 168 373 218 72 70 156
255 146 242 142 50 103 308 115 87 309
256 145 342 156 142 33 111 389 151 237
260 141 43 44 347 275 33 350 123 20
261 140 40 178 363 270 190 188 330 371
263 138 108 123 139 166 120 277 146 357
267 134 63 12 353 121 15 359 9 175
273 128 9 274 391 247 136 369 302 23
275 126 325 49 160 375 243 122 75 330
281 120 199 384 111 254 399 188 273 401
283 118 389 49 246 141 80 266 162 282
