291 110 375 188 152 56 73 207 246 183
292 109 66 220 232 171 306 271 186 25
294 107 331 257 353 327 47 34 137 384
299 102 132 204 43 78 128 122 179 10
303 98 168 315 67 109 5 320 344 28
305 96 233 168 125 400 244 102 187 125
306 95 168 225 71 118 65 152 89 389
308 93 193 36 283 325 129 369 172 86
315 86 180 264 213 235 374 59 181 54
324 77 215 298 305 197 224 329 126 379
328 73 198 212 130 369 335 375 95 264
329 72 145 35 224 192 376 336 389 355
330 71 209 273 63 46 257 285 168 111
334 67 55 337 185 335 178 92 376 237
339 62 243 64 175 175 279 33 46 324
341 60 257 123 167 121 229 145 122 283
346 55 76 341 69 345 126 298 193 27
357 44 108 311 17 72 269 205 250 163
365 36 95 83 283 30 140 201 260 308
370 31 306 117 243 134 76 265 44 377
377 24 84 388 390 324 64 304 96 248
380 21 213 394 238 264 232 51 227 326
383 18 346 212 391 295 219 304 81 4
386 15 126 256 93 77 175 73 57 258
394 7 258 332 283 292 112 168 359 18
