298 103 140 40 326 100 315 38 344 401
307 94 336 252 255 2 250 234 380 352
314 87 78 120 125 104 214 238 194 319
319 82 345 378 249 77 261 141 65 105
326 75 61 156 333 193 179 88 334 19
331 70 295 102 41 142 277 309 176 137
332 69 171 22 91 323 284 298 354 48
337 64 9 306 97 396 207 125 178 214
343 58 77 304 98 76 95 259 54 373
351 50 399 93 208 130 172 284 321 334
352 49 277 75 177 141 242 168 19 347
353 48 113 231 38 43 261 170 258 154
354 47 174 351 31 360 5 205 376 15
358 43 190 106 334 113 397 132 222 224
360 41 47 365 53 40 171 367 178 324
361 40 239 110 229 3 234 121 288 219
363 38 59 397 386 396 133 299 52 136
366 35 341 214 164 361 211 308 54 167
372 29 358 1 198 341 254 142 197 20
378 23 333 128 378 211 86 131 174 291
387 14 120 3 206 264 27 304 107 324
395 6 297 157 236 138 123 189 82 332
396 5 238 300 141 79 369 270 161 36
397 4 344 241 49 231 51 178 241 252
399 2 90 114 284 148 238 87 60 250
