108 293 397 395 6 229 284 124 88 329
109 292 264 178 307 220 44 150 88 49
110 291 138 344 136 313 21 211 286 362
111 290 228 64 298 227 179 68 144 396
112 289 157 51 128 16 218 267 129 310
113 288 94 180 268 247 3 120 247 65
118 283 6 384 248 172 96 347 212 310
121 280 90 127 303 105 242 172 226 160
123 278 384 118 334 23 38 164 374 15
126 275 376 388 180 200 7 288 126 286
132 269 198 22 368 149 193 302 230 138
133 268 325 220 312 174 182 9 220 34
135 266 182 222 86 86 231 364 182 8
142 259 10 273 304 305 37 153 28 270
150 251 76 21 341 325 398 399 133 222
151 250 25 168 141 367 343 148 147 328
155 246 46 374 201 200 135 270 53 152
156 245 246 200 237 250 348 331 121 316
160 241 73 250 398 338 254 302 370 339
161 240 201 321 348 274 355 131 313 352
164 237 194 115 234 263 7 308 320 1
166 235 48 158 151 391 345 301 88 93
167 234 106 279 253 19 28 85 5 282
180 221 242 398 48 164 328 18 234 80
181 220 130 341 83 375 400 30 295 27
